start-block: d="m0,16.5 c25,-22,71,-22,96,0 h39.75 c1.06,0,2.08,0.42,2.83,1.17 c0.75,0.75,1.17,1.77,1.17,2.83 v40 c0,1.06,-0.42,2.08,-1.17,2.83 c-0.75,0.75,-1.77,1.17,-2.83,1.17 h-87.75 c-2,0,-3,1,-4,2 l-4,4 c-1,1,-2,2,-4,2 h-12 c-2,0,-3,-1,-4,-2 l-4,-4 c-1,-1,-2,-2,-4,-2 h-8 c-1.06,0,-2.08,-0.42,-2.83,-1.17 c-0.75,-0.75,-1.17,-1.77,-1.17,-2.83 v-44 z"

default-block: d="m0,4 a4,4,0,0,1,4,-4 h8 c2,0,3,1,4,2 l4,4 c1,1,2,2,4,2 h12 c2,0,3,-1,4,-2 l4,-4 c1,-1,2,-2,4,-2 h99.19 a4,4,0,0,1,4,4 v40 a4,4,0,0,1,-4,4 h-99.19 c-2,0,-3,1,-4,2 l-4,4 c-1,1,-2,2,-4,2 h-12 c-2,0,-3,-1,-4,-2 l-4,-4 c-1,-1,-2,-2,-4,-2 h-8 a4,4,0,0,1,-4,-4 z"

c-block: d="m0,4 a4,4,0,0,1,4,-4 h8 c2,0,3,1,4,2 l4,4 c1,1,2,2,4,2 h12 c2,0,3,-1,4,-2 l4,-4 c1,-1,2,-2,4,-2 h120.22 a4,4,0,0,1,4,4 v40 a4,4,0,0,1,-4,4 h-104.22 c-2,0,-3,1,-4,2 l-4,4 c-1,1,-2,2,-4,2 h-12 c-2,0,-3,-1,-4,-2 l-4,-4 c-1,-1,-2,-2,-4,-2 h-8 a4,4,0,0,0,-4,4 v16 a4,4,0,0,0,4,4 h8 c2,0,3,1,4,2 l4,4 c1,1,2,2,4,2 h12 c2,0,3,-1,4,-2 l4,-4 c1,-1,2,-2,4,-2 h104.22 h0 a4,4,0,0,1,4,4 v24 a4,4,0,0,1,-4,4 h-120.22 c-2,0,-3,1,-4,2 l-4,4 c-1,1,-2,2,-4,2 h-12 c-2,0,-3,-1,-4,-2 l-4,-4 c-1,-1,-2,-2,-4,-2 h-8 a4,4,0,0,1,-4,-4 z"

stop-block: d="m0,4 a4,4,0,0,1,4,-4 h8 c2,0,3,1,4,2 l4,4 c1,1,2,2,4,2 h12 c2,0,3,-1,4,-2 l4,-4 c1,-1,2,-2,4,-2 h71.94 a4,4,0,0,1,4,4 v40 a4,4,0,0,1,-4,4 h-115.94 a4,4,0,0,1,-4,-4 z"

round-block: d="m0,0 m20,0 h68.45 a20,20,0,0,1,0,40 h-68.45 a20,20,0,0,1,0,-40 z"

sharp-block: d="m0,0 m20,0 h61.73 l20,20 l-20,20 h-61.73 l-20,-20 l20,-20 z"